1 0.2255430585393937 0.04878048780487804 0.3773677633149389 0.04878048780487804
1 0.3659589704705337 0.11449864498644986 0.6406475981858264 0.06368563685636854
0 0.4967212884564079 0.31165311653116534 0.9056826319558533 0.30352303523035234
0 0.47829170001544574 0.5155826558265582 0.861802659477372 0.09349593495934962
0 0.47916929946501535 0.627371273712737 0.8600474605782327 0.054200542005419974
0 0.47916929946501535 0.7208672086720866 0.8600474605782327 0.07588075880758809
0 0.16235589817038068 0.8170731707317074 0.23344145358552035 0.0921409214092141
0 0.36859176881924255 0.8387533875338754 0.14743670752769694 0.12195121951219505
0 0.5511324543297246 0.8441734417344173 0.15445750312425402 0.13821138211382106
0 0.7863291068143843 0.8279132791327913 0.2913630172571156 0.11382113821138205
2 0.480046898914585 0.9559620596205963 0.8653130572756506 0.039295392953929566
